      0/99     20.1G   0.07205   0.01302         0   0.08507        16      1280  0.007814   0.03221 0.0003217 4.798e-05    0.0983   0.01896         0
      1/99     20.4G   0.06197   0.01211         0   0.07407        30      1280     0.287    0.2258    0.1588   0.06186   0.07409    0.0206         0
      2/99     20.4G   0.05017   0.01187         0   0.06205        25      1280    0.2843    0.3354     0.225    0.1054   0.07318   0.01856         0
      3/99     20.4G   0.04345   0.01162         0   0.05507        32      1280    0.4199    0.3543    0.3238     0.173   0.06356    0.0189         0
      4/99     20.4G   0.04005   0.01157         0   0.05161        27      1280    0.4741    0.3673    0.3627    0.2046   0.05686   0.01868         0
      5/99     20.4G   0.03788   0.01159         0   0.04947        33      1280     0.455    0.4347    0.4134    0.2494   0.05119   0.01813         0
      6/99     20.4G   0.03641   0.01133         0   0.04773        32      1280    0.5078    0.4239    0.4373    0.2678   0.05048   0.01791         0
      7/99     20.4G   0.03488   0.01123         0   0.04611        45      1280     0.512     0.455     0.471    0.2962   0.04676   0.01731         0
      8/99     20.4G   0.03417   0.01129         0   0.04546        24      1280    0.5304    0.4713    0.4852    0.3084   0.04621   0.01748         0
      9/99     20.4G    0.0333   0.01104         0   0.04434        26      1280    0.5365    0.5165    0.5335    0.3422   0.04488   0.01695         0
     10/99     20.4G   0.03275   0.01063         0   0.04338        27      1280    0.5442    0.4969    0.5268    0.3453   0.04454   0.01674         0
     11/99     20.4G    0.0319   0.01055         0   0.04245        10      1280    0.5858    0.5165    0.5593    0.3722   0.04261   0.01679         0
     12/99     20.4G   0.03163   0.01053         0   0.04216        14      1280    0.5373    0.5631    0.5646    0.3772   0.04203    0.0168         0
     13/99     20.4G   0.03116   0.01043         0   0.04159        30      1280    0.5643    0.5646    0.5805    0.3879    0.0413   0.01658         0
     14/99     20.4G   0.03075   0.01065         0    0.0414        22      1280      0.65    0.5213    0.6025    0.4081    0.0405   0.01645         0
     15/99     20.4G   0.03047   0.01041         0   0.04087        27      1280    0.6688    0.5137    0.6075    0.4123   0.03991   0.01647         0
     16/99     20.4G   0.02981   0.01034         0   0.04016        43      1280    0.6449     0.562    0.6247    0.4252   0.03903   0.01638         0
     17/99     20.4G    0.0299   0.01005         0   0.03995        14      1280     0.626    0.5805    0.6327    0.4345    0.0385   0.01628         0
     18/99     20.4G   0.02955   0.01031         0   0.03986        29      1280    0.6506    0.5819    0.6432    0.4424   0.03826   0.01646         0
     19/99     20.4G   0.02936   0.01026         0   0.03962        31      1280    0.6198    0.6294    0.6564    0.4521   0.03692   0.01652         0
     20/99     20.4G   0.02893   0.01023         0   0.03916        17      1280    0.6458    0.6087    0.6594    0.4561   0.03684   0.01633         0
     21/99     20.4G   0.02896  0.009827         0   0.03879        36      1280    0.6638    0.6183    0.6689    0.4639     0.037   0.01622         0
     22/99     20.4G   0.02917   0.01002         0   0.03919        31      1280    0.6326    0.6438    0.6717     0.467   0.03605   0.01637         0
     23/99     20.4G   0.02862  0.009659         0   0.03828        20      1280    0.6835    0.6076    0.6768    0.4735    0.0356   0.01637         0
     24/99     20.4G   0.02871  0.009859         0   0.03857        31      1280    0.6722    0.6387    0.6902      0.48   0.03537   0.01625         0
     25/99     20.4G   0.02805  0.009679         0   0.03773        31      1280     0.688    0.6264    0.6924     0.485   0.03471   0.01632         0
     26/99     20.4G   0.02794   0.00956         0    0.0375        36      1280    0.7023    0.6235    0.6982    0.4894    0.0344   0.01631         0
     27/99     20.4G   0.02795  0.009651         0    0.0376        36      1280    0.6842    0.6449    0.7041    0.4945   0.03437   0.01625         0
     28/99     20.4G   0.02778  0.009465         0   0.03724        22      1280    0.7257    0.6259    0.7116    0.5007   0.03395   0.01624         0
     29/99     20.4G    0.0273  0.009682         0   0.03699        21      1280    0.7298    0.6253    0.7173    0.5055    0.0339   0.01623         0
     30/99     20.4G    0.0274  0.009433         0   0.03683        19      1280    0.7154    0.6475    0.7193    0.5092   0.03364    0.0162         0
     31/99     20.4G   0.02752  0.009499         0   0.03702        26      1280    0.6813    0.6886    0.7238    0.5107    0.0336   0.01619         0
     32/99     20.4G   0.02756  0.009419         0   0.03698        27      1280    0.7112    0.6731    0.7303     0.517   0.03359   0.01622         0
     33/99     20.4G   0.02726  0.009338         0   0.03659        26      1280    0.6985    0.6831    0.7314    0.5203   0.03356   0.01632         0
     34/99     20.4G   0.02704  0.009227         0   0.03627        40      1280    0.7235    0.6675    0.7354    0.5243   0.03365   0.01635         0
     35/99     20.4G    0.0268  0.009302         0    0.0361        30      1280    0.6928     0.694    0.7375    0.5265   0.03375   0.01636         0
     36/99     20.4G   0.02676  0.009218         0   0.03597        38      1280    0.7264    0.6664      0.74    0.5289   0.03369   0.01643         0
     37/99     20.4G   0.02664  0.009226         0   0.03586        29      1280    0.7298     0.665    0.7411    0.5295    0.0337   0.01645         0
     38/99     20.4G   0.02658  0.009012         0   0.03559        21      1280    0.7323    0.6663    0.7422    0.5307    0.0336   0.01651         0
     39/99     20.4G   0.02633  0.009098         0   0.03542        20      1280    0.7307    0.6753    0.7461    0.5325   0.03345   0.01659         0
     40/99     20.4G   0.02675  0.009021         0   0.03577        15      1280    0.7384      0.67    0.7482    0.5332   0.03332   0.01664         0
     41/99     20.4G   0.02641  0.008952         0   0.03536        58      1280    0.7599    0.6538    0.7498    0.5342   0.03331   0.01668         0
     42/99     20.4G   0.02602  0.008889         0   0.03491        36      1280     0.763    0.6538    0.7513    0.5343   0.03327   0.01671         0
     43/99     20.4G   0.02626  0.009045         0   0.03531        22      1280     0.761    0.6575    0.7524    0.5356   0.03322   0.01673         0
     44/99     20.4G    0.0261  0.008957         0   0.03505        24      1280    0.7595    0.6623    0.7539    0.5376   0.03311   0.01677         0
     45/99     20.4G   0.02561  0.008725         0   0.03433        15      1280     0.752    0.6712    0.7553    0.5387   0.03308   0.01678         0
     46/99     20.4G   0.02579  0.008602         0   0.03439        45      1280    0.7511    0.6742    0.7571    0.5405   0.03303    0.0168         0
     47/99     20.4G   0.02547  0.008904         0   0.03437        23      1280    0.7549    0.6723    0.7578    0.5413   0.03299   0.01683         0
     48/99     20.4G   0.02544  0.008622         0   0.03407        35      1280    0.7502    0.6772    0.7591    0.5427   0.03291   0.01686         0
     49/99     20.4G   0.02545  0.008484         0   0.03393        35      1280    0.7534    0.6768    0.7605    0.5436   0.03286   0.01688         0
     50/99     20.4G   0.02521  0.008589         0    0.0338        46      1280    0.7585    0.6735    0.7616    0.5447   0.03279   0.01691         0
     51/99     20.4G   0.02526  0.008684         0   0.03395        17      1280    0.7615    0.6723    0.7624    0.5459   0.03272   0.01694         0
     52/99     20.4G   0.02488  0.008524         0    0.0334        25      1280    0.7503    0.6838    0.7638    0.5469   0.03264   0.01697         0
     53/99     20.4G   0.02484   0.00858         0   0.03342        55      1280    0.7535    0.6826    0.7648    0.5483   0.03256   0.01699         0
     54/99     20.4G   0.02506  0.008457         0   0.03352        21      1280    0.7597    0.6801    0.7662    0.5496    0.0325   0.01702         0
     55/99     20.4G   0.02508  0.008378         0   0.03346        27      1280    0.7614    0.6809    0.7672    0.5507   0.03243   0.01704         0
     56/99     20.4G   0.02465  0.008421         0   0.03307        39      1280    0.7612     0.682    0.7681    0.5513   0.03237   0.01706         0
     57/99     20.4G   0.02471  0.008273         0   0.03299        19      1280     0.755     0.689    0.7695    0.5525    0.0323   0.01709         0
     58/99     20.4G   0.02454  0.008378         0   0.03291        33      1280    0.7576    0.6886    0.7706    0.5534   0.03225    0.0171         0
     59/99     20.4G   0.02444  0.008274         0   0.03272        16      1280    0.7582    0.6886    0.7717    0.5547   0.03218   0.01713         0
     60/99     20.4G   0.02438  0.008406         0   0.03279        60      1280    0.7604     0.689    0.7724    0.5556   0.03214   0.01714         0
     61/99     20.4G   0.02422  0.008083         0   0.03231        54      1280    0.7792     0.673    0.7731    0.5565    0.0321   0.01716         0
     62/99     20.4G   0.02438  0.008074         0   0.03246        34      1280     0.724    0.7223    0.7743    0.5573   0.03203   0.01719         0
     63/99     20.4G   0.02401  0.008199         0   0.03221        34      1280    0.7562    0.6953    0.7753    0.5582   0.03197   0.01721         0
     64/99     20.4G   0.02378  0.008091         0   0.03187        28      1280    0.7463     0.706    0.7765     0.559   0.03191   0.01723         0
     65/99     20.4G   0.02373  0.008015         0   0.03174        17      1280    0.7897    0.6742    0.7774    0.5602   0.03186   0.01725         0
     66/99     20.4G   0.02363   0.00791         0   0.03154        13      1280    0.7921    0.6731    0.7781    0.5609    0.0318   0.01728         0
     67/99     20.4G   0.02362  0.007804         0   0.03142        33      1280    0.7945     0.676    0.7798    0.5619   0.03176   0.01729         0
     68/99     20.4G   0.02331  0.007891         0    0.0312        25      1280    0.7935    0.6772    0.7811     0.563    0.0317   0.01732         0
     69/99     20.4G   0.02342  0.007778         0    0.0312        46      1280    0.7457    0.7186    0.7821    0.5646   0.03164   0.01735         0
     70/99     20.4G   0.02327  0.007718         0   0.03098        35      1280    0.7479    0.7174    0.7829     0.565   0.03158   0.01737         0
     71/99     20.4G   0.02307  0.007859         0   0.03093        31      1280    0.7492    0.7211    0.7847    0.5661   0.03152   0.01739         0
     72/99     20.4G   0.02323  0.007839         0   0.03107        43      1280    0.7701    0.7038    0.7856    0.5668   0.03148   0.01742         0
     73/99     20.4G   0.02279  0.007691         0   0.03048        17      1280    0.7725    0.7049    0.7871    0.5675   0.03143   0.01744         0
     74/99     20.4G   0.02313  0.007758         0   0.03089        27      1280    0.7745    0.7058    0.7882    0.5689   0.03137   0.01747         0
     75/99     20.4G   0.02273  0.007547         0   0.03028        37      1280    0.7712    0.7094    0.7894      0.57    0.0313    0.0175         0
     76/99     20.4G   0.02235  0.007395         0   0.02974        26      1280     0.776    0.7079     0.791    0.5714   0.03125   0.01752         0
     77/99     20.4G   0.02237  0.007398         0   0.02977        27      1280    0.7779    0.7079    0.7926    0.5727   0.03118   0.01755         0
     78/99     20.4G   0.02248  0.007458         0   0.02994        14      1280    0.7799    0.7085    0.7939    0.5737   0.03112   0.01758         0
     79/99     23.7G   0.02239  0.007445         0   0.02983        20      1280    0.7768    0.7101    0.7943    0.5746   0.03107   0.01762         0
     80/99     23.7G   0.02219  0.007342         0   0.02953        26      1280     0.776    0.7116    0.7955    0.5756   0.03102   0.01764         0
     81/99     23.7G   0.02215  0.007398         0   0.02955        15      1280    0.7828    0.7071    0.7963    0.5765   0.03097   0.01767         0
     82/99     23.7G   0.02202  0.007456         0   0.02947        28      1280    0.7826    0.7079     0.797     0.578   0.03091   0.01769         0
     83/99     23.7G   0.02207  0.007249         0   0.02932        30      1280    0.7476    0.7394    0.7982    0.5786   0.03085   0.01772         0
     84/99     23.7G   0.02177  0.007177         0   0.02895        21      1280    0.7472    0.7423    0.7996    0.5794    0.0308   0.01775         0
     85/99     23.7G   0.02185  0.007124         0   0.02897        28      1280    0.7639    0.7283    0.8009    0.5802   0.03074   0.01778         0
     86/99     23.7G   0.02179  0.007206         0     0.029        20      1280    0.7642    0.7312    0.8021    0.5813   0.03068   0.01782         0
     87/99     23.7G   0.02153  0.007104         0   0.02864        25      1280    0.7674    0.7305    0.8034    0.5826   0.03062   0.01785         0
     88/99     23.7G    0.0213  0.007079         0   0.02838        17      1280    0.7665    0.7342    0.8045    0.5835   0.03057   0.01789         0
     89/99     23.7G   0.02142  0.007014         0   0.02844        19      1280    0.7736    0.7301    0.8056    0.5847   0.03051   0.01792         0
     90/99     23.7G   0.02114  0.006972         0   0.02811        30      1280    0.7757    0.7297     0.807    0.5857   0.03044   0.01796         0
     91/99     23.7G   0.02111  0.006964         0   0.02808        29      1280    0.7713    0.7357    0.8082     0.586   0.03038     0.018         0
     92/99     23.7G   0.02106  0.007017         0   0.02807        26      1280    0.7745    0.7353    0.8096    0.5872   0.03032   0.01805         0
     93/99     23.7G   0.02093  0.007107         0   0.02804        17      1280    0.7731    0.7369    0.8107    0.5884   0.03028   0.01808         0
     94/99     23.7G   0.02087  0.006839         0   0.02771        47      1280    0.7707    0.7415    0.8117    0.5892   0.03023   0.01812         0
     95/99     23.7G   0.02092  0.006976         0    0.0279        57      1280    0.7729    0.7397    0.8126    0.5897   0.03018   0.01816         0
     96/99     23.7G     0.021  0.006854         0   0.02785        29      1280    0.7708    0.7431    0.8132    0.5905   0.03014    0.0182         0
     97/99     23.7G   0.02077  0.006851         0   0.02762        14      1280    0.7783    0.7371    0.8142    0.5918   0.03011   0.01824         0
     98/99     23.7G   0.02078  0.006856         0   0.02763        23      1280    0.7914    0.7289    0.8149    0.5927   0.03007   0.01828         0
     99/99     23.7G   0.02068  0.006833         0   0.02751        30      1280    0.7914    0.7305    0.8159    0.5935   0.03003   0.01832         0
