       0/9     20.1G   0.03185  0.008942         0   0.04079        13      1280    0.9694    0.9699     0.986    0.8007   0.02917  0.004516         0
       1/9     20.4G   0.01882  0.005592         0   0.02441        16      1280    0.9714    0.9839    0.9887    0.8404   0.02635  0.003883         0
       2/9     20.4G   0.01695  0.005054         0   0.02201        18      1280    0.9716    0.9869      0.99    0.8481   0.02628  0.003745         0
       3/9     20.4G   0.01612  0.004863         0   0.02098        14      1280    0.9695    0.9894    0.9901    0.8511   0.02459  0.003743         0
       4/9     20.4G   0.01554  0.004681         0   0.02022        20      1280    0.9714    0.9885    0.9903    0.8517   0.02347  0.003767         0
       5/9     20.4G   0.01484  0.004595         0   0.01943        21      1280    0.9711    0.9898    0.9909     0.852   0.02315  0.003782         0
       6/9     20.4G   0.01428  0.004464         0   0.01875        20      1280    0.9728     0.989    0.9914    0.8537   0.02277  0.003784         0
       7/9     20.4G   0.01374  0.004377         0   0.01812        19      1280    0.9711    0.9915    0.9918    0.8565   0.02243  0.003786         0
       8/9     20.4G   0.01298  0.004273         0   0.01725        11      1280    0.9731    0.9913    0.9924    0.8586   0.02215  0.003785         0
       9/9     20.4G   0.01259  0.004172         0   0.01676         9      1280    0.9739    0.9909     0.993    0.8617   0.02189  0.003787         0
